{
  "advancedEditorSelectedIdentifier" : "ProjectBrowser",
  "openSceneRelativePaths" : [
    "Immersive.usda"
  ],
  "recentIdentifiers" : {
    "AF09ED6F-1707-48FD-8720-65B998362C09" : [

    ]
  },
  "sceneCameraHistory" : {
    "AF09ED6F-1707-48FD-8720-65B998362C09" : [
      {
        "date" : 710844787.93028295,
        "title" : "Untitled",
        "transform" : [
          0.99993026256561279,
          -2.4330975012532008e-09,
          -0.011816853657364845,
          0,
          -0.0035852238070219755,
          0.95286345481872559,
          -0.30337843298912048,
          0,
          0.011259817518293858,
          0.30339965224266052,
          0.95279699563980103,
          0,
          0.38058584928512573,
          2.2102060317993164,
          2.1668128967285156,
          1
        ]
      },
      {
        "date" : 710844756.43402195,
        "title" : "Untitled",
        "transform" : [
          0.99873596429824829,
          -3.5855420854602471e-09,
          0.050265371799468994,
          0,
          -0.0065208026207983494,
          0.99154967069625854,
          0.12956367433071136,
          0,
          -0.049840651452541351,
          -0.12972761690616608,
          0.99029624462127686,
          0,
          0.058948680758476257,
          0.65784639120101929,
          3.2213871479034424,
          1
        ]
      },
      {
        "date" : 710650804.97732198,
        "title" : "Untitled",
        "transform" : [
          0.99873596429824829,
          -3.5855420854602471e-09,
          0.050265371799468994,
          0,
          -0.0065208026207983494,
          0.99154967069625854,
          0.12956367433071136,
          0,
          -0.049840651452541351,
          -0.12972761690616608,
          0.99029624462127686,
          0,
          0.052051443606615067,
          0.58087563514709473,
          2.8444719314575195,
          1
        ]
      },
      {
        "date" : 710650799.49365103,
        "title" : "Untitled",
        "transform" : [
          0.99873596429824829,
          -3.5855420854602471e-09,
          0.050265371799468994,
          0,
          -0.0065208026207983494,
          0.99154967069625854,
          0.12956367433071136,
          0,
          -0.049840651452541351,
          -0.12972761690616608,
          0.99029624462127686,
          0,
          0.055832356214523315,
          0.58445924520492554,
          2.8234705924987793,
          1
        ]
      },
      {
        "date" : 710650712.45390904,
        "title" : "Untitled",
        "transform" : [
          0.99873596429824829,
          -3.5855420854602471e-09,
          0.050265371799468994,
          0,
          -0.0065208026207983494,
          0.99154967069625854,
          0.12956367433071136,
          0,
          -0.049840651452541351,
          -0.12972761690616608,
          0.99029624462127686,
          0,
          0.052035331726074219,
          0.58086037635803223,
          2.8445611000061035,
          1
        ]
      },
      {
        "date" : 710650708.26220298,
        "title" : "Untitled",
        "transform" : [
          0.99370688199996948,
          -3.0371398729300836e-09,
          0.11201220750808716,
          0,
          -0.0056272880174219608,
          0.99873721599578857,
          0.049922067672014236,
          0,
          -0.11187079548835754,
          -0.050238177180290222,
          0.99245202541351318,
          0,
          -0.17772424221038818,
          0.87310624122619629,
          2.8734016418457031,
          1
        ]
      },
      {
        "date" : 710650705.02281499,
        "title" : "Untitled",
        "transform" : [
          0.91777294874191284,
          -2.7777760092106973e-09,
          -0.39710572361946106,
          0,
          0.044880475848913193,
          0.99359279870986938,
          0.10372573137283325,
          0,
          0.39456132054328918,
          -0.11301892250776291,
          0.91189253330230713,
          0,
          1.7077541351318359,
          0.64200985431671143,
          2.719658374786377,
          1
        ]
      },
      {
        "date" : 710650699.58040404,
        "title" : "Untitled",
        "transform" : [
          0.91777294874191284,
          -2.7777760092106973e-09,
          -0.39710572361946106,
          0,
          0.044880475848913193,
          0.99359279870986938,
          0.10372573137283325,
          0,
          0.39456132054328918,
          -0.11301892250776291,
          0.91189253330230713,
          0,
          0.43079462647438049,
          1.4269478321075439,
          3.3694629669189453,
          1
        ]
      },
      {
        "date" : 710650683.61335802,
        "title" : "Untitled",
        "transform" : [
          0.91777294874191284,
          -2.7777760092106973e-09,
          -0.39710572361946106,
          0,
          0.044880475848913193,
          0.99359279870986938,
          0.10372573137283325,
          0,
          0.39456132054328918,
          -0.11301892250776291,
          0.91189253330230713,
          0,
          0.38793015480041504,
          1.3800169229507446,
          4.5810356140136719,
          1
        ]
      },
      {
        "date" : 710405476.89033198,
        "title" : "Untitled",
        "transform" : [
          0.91777294874191284,
          -2.7777760092106973e-09,
          -0.39710572361946106,
          0,
          0.044880475848913193,
          0.99359279870986938,
          0.10372573137283325,
          0,
          0.39456138014793396,
          -0.1130189374089241,
          0.91189265251159668,
          0,
          0.39287877082824707,
          1.3976210355758667,
          4.6394734382629395,
          1
        ]
      }
    ]
  },
  "selectedSceneRelativePath" : "Immersive.usda"
}